,Country,Ladder score happiness,2016 suicide rate,2016 fertility rate,GDP ($ per capita)
0,Finland,7.842,13.8,1.65,27400.0
1,Denmark,7.62,9.2,1.71,31100.0
2,Switzerland,7.571,11.3,1.54,32700.0
3,Iceland,7.554,13.3,1.8,30900.0
4,Netherlands,7.464,9.6,1.66,28600.0
5,Norway,7.392,10.1,1.72,37800.0
6,Sweden,7.363,11.7,1.85,26800.0
7,Luxembourg,7.324,10.4,1.47,55100.0
8,New Zealand,7.277,11.6,1.87,21600.0
9,Austria,7.268,11.4,1.49,30000.0
10,Australia,7.183,11.7,1.809,29000.0
11,Israel,7.157,5.2,3.11,19800.0
12,Germany,7.155,9.1,1.5,27600.0
13,Canada,7.103,10.4,1.6,29800.0
14,Ireland,7.085,10.9,1.92,29600.0
15,Costa Rica,7.069,7.5,1.783,9100.0
16,Belgium,6.834,15.7,1.7,29100.0
17,France,6.69,12.1,1.96,27600.0
18,Bahrain,6.647,5.7,2.033,16900.0
19,Malta,6.602,6.5,1.45,17700.0
20,United Arab Emirates,6.561,2.7,1.748,23200.0
21,Saudi Arabia,6.494,3.4,2.532,11800.0
22,Spain,6.491,6.1,1.33,22000.0
23,Italy,6.483,5.5,1.35,26700.0
24,Slovenia,6.461,13.3,1.57,19000.0
25,Guatemala,6.435,2.9,2.973,4100.0
26,Uruguay,6.431,16.5,1.995,12800.0
27,Singapore,6.377,7.9,1.2,23700.0
28,Brazil,6.33,6.1,1.726,7600.0
29,Mexico,6.317,5.2,2.184,9000.0
30,Jamaica,6.309,2.0,2.009,3900.0
31,Lithuania,6.255,25.7,1.7,11400.0
32,Cyprus,6.223,4.5,1.343,19200.0
33,Estonia,6.189,14.4,1.58,12300.0
34,Panama,6.18,4.4,2.514,6300.0
35,Uzbekistan,6.179,7.4,2.455,1700.0
36,Chile,6.172,9.7,1.774,9900.0
37,Poland,6.166,13.4,1.32,11100.0
38,Kazakhstan,6.152,22.8,2.73,6300.0
39,Romania,6.14,8.0,1.58,7000.0
40,Kuwait,6.106,2.2,1.97,19000.0
41,Serbia,6.078,10.9,1.46,2200.0
42,El Salvador,6.061,13.5,2.079,4800.0
43,Mauritius,6.049,7.3,1.4,11400.0
44,Latvia,6.032,17.2,1.7,10200.0
45,Colombia,6.012,7.0,1.853,6300.0
46,Hungary,5.992,13.6,1.45,13900.0
47,Thailand,5.985,12.9,1.482,7400.0
48,Nicaragua,5.972,11.9,2.2,2300.0
49,Japan,5.94,14.3,1.44,28200.0
50,Argentina,5.929,9.1,2.293,11200.0
51,Portugal,5.929,8.6,1.31,18000.0
52,Honduras,5.919,3.4,2.462,2600.0
53,Croatia,5.882,11.5,1.4,10600.0
54,Philippines,5.88,3.7,2.925,4600.0
55,Peru,5.84,5.1,2.4,5100.0
56,Ecuador,5.764,7.2,2.486,3300.0
57,Greece,5.723,3.8,1.33,20000.0
58,Mongolia,5.677,13.3,2.757,1800.0
59,Paraguay,5.653,9.3,2.48,4700.0
60,Dominican Republic,5.545,10.5,2.422,6000.0
61,Belarus,5.534,21.4,1.733,6100.0
62,Tajikistan,5.466,3.3,3.36,1000.0
63,Libya,5.41,5.5,2.274,6400.0
64,Malaysia,5.384,6.2,2.037,9000.0
65,Indonesia,5.345,3.7,2.363,3200.0
66,China,5.339,8.0,1.624,5000.0
67,Armenia,5.283,5.7,1.612,3500.0
68,Nepal,5.269,9.6,2.118,1400.0
69,Bulgaria,5.266,7.9,1.53,7600.0
70,Maldives,5.198,2.7,2.093,3900.0
71,Azerbaijan,5.171,2.6,1.94,3400.0
72,Cameroon,5.142,19.5,4.708,1800.0
73,Senegal,5.132,11.8,4.769,1600.0
74,Albania,5.117,5.6,1.713,4500.0
75,Ghana,5.088,8.7,3.984,2200.0
76,Niger,5.074,9.0,7.239,800.0
77,Turkmenistan,5.066,7.2,2.888,5800.0
78,Benin,5.045,15.7,4.977,1100.0
79,Bangladesh,5.025,6.1,2.104,1900.0
80,Guinea,4.984,10.5,4.855,2100.0
81,South Africa,4.956,12.8,2.458,10700.0
82,Turkey,4.948,7.2,2.053,6700.0
83,Pakistan,4.934,3.1,3.481,2100.0
84,Morocco,4.918,3.1,2.491,4000.0
85,Georgia,4.891,6.7,1.996,2500.0
86,Algeria,4.887,3.3,2.776,6000.0
87,Ukraine,4.875,18.5,1.466,5400.0
88,Iraq,4.854,4.1,4.37,1500.0
89,Gabon,4.852,9.6,3.786,5500.0
90,Burkina Faso,4.834,14.8,5.353,1100.0
91,Cambodia,4.83,5.9,2.56,1900.0
92,Mozambique,4.794,8.4,5.243,1200.0
93,Nigeria,4.759,17.3,5.526,900.0
94,Mali,4.723,8.9,6.057,900.0
95,Uganda,4.636,20.0,5.591,1400.0
96,Liberia,4.625,13.4,4.581,1000.0
97,Kenya,4.607,5.6,3.852,1000.0
98,Tunisia,4.596,3.2,2.201,6900.0
99,Lebanon,4.584,3.2,1.719,4800.0
100,Namibia,4.574,11.5,3.415,7200.0
101,Jordan,4.395,3.7,3.378,4300.0
102,Chad,4.355,15.5,5.947,1200.0
103,Sri Lanka,4.325,14.2,2.046,3700.0
104,Comoros,4.289,11.1,4.347,700.0
105,Ethiopia,4.275,11.4,4.198,700.0
106,Mauritania,4.227,7.5,4.674,1800.0
107,Madagascar,4.208,6.9,4.184,800.0
108,Togo,4.107,16.6,4.45,1500.0
109,Zambia,4.073,11.3,4.981,800.0
110,Sierra Leone,3.849,16.1,4.457,500.0
111,India,3.819,16.5,2.326,2900.0
112,Burundi,3.775,15.0,5.697,600.0
113,Haiti,3.615,12.2,2.919,1600.0
114,Malawi,3.6,7.8,4.571,600.0
115,Lesotho,3.512,28.9,3.094,3000.0
116,Botswana,3.467,11.5,2.73,9000.0
117,Rwanda,3.415,11.0,3.885,1300.0
118,Zimbabwe,3.145,19.1,3.76,1900.0
119,Afghanistan,2.523,6.4,4.635,700.0
